6
  0 445 365 529 305 221
445   0  80 137 490 115
365  80   0 180 420 157
529 137 180   0 580 408
305 490 420 580   0 610
221 115 157 408 610   0
1- 5 4- 3 6- 2
1- 2 3- 5 6- 4
1- 6 3- 4 5- 2
2- 4 3- 1 5- 6
2- 5 4- 1 6- 3
3- 2 4- 5 6- 1
1- 3 4- 2 6- 5
1- 4 2- 6 5- 3
2- 1 3- 6 5- 4
2- 3 4- 6 5- 1
